2.063857163563443819e+01
2.585584699454068414e+01
2.867067026182558465e+01
3.648304498088548087e+01
3.685717844717781588e+01
3.590436764555823146e+01
3.293607824617583901e+01
3.749847157200538561e+01
3.864619797649649513e+01
4.140665522592244940e+01
3.982652776836584252e+01
4.115076817202579207e+01
4.372813748125665967e+01
4.813556539383191080e+01
5.131496877101390908e+01
4.964049979142669144e+01
5.259442822435491394e+01
4.728888141288503988e+01
5.312041804717283355e+01
5.386914624981020694e+01
5.246802931232839029e+01
5.605949155879840617e+01
5.408581506213476331e+01
5.376434959545851910e+01
5.561196467871344851e+01
5.449898936850198794e+01
5.656967278418671441e+01
5.597652402308496988e+01
5.868407285383507599e+01
5.695639418834749534e+01
5.779368032114092557e+01
